0000000000000000
0000100000000000
0100000000000010
0000110001000000
0001000000000000
0100110001000010
0000000000000000
0000100000000000
0100010001000000
0000100000000000
0000000000000000
0000000000000001
0000110001001000
0100000000000000
0000100000000000
0000010000000000
0100100000001000
0000010001000000
0000100000000000
0000010000000000
0000100000000000
0100000000001000
0000110000000000
0000000001000000
0100110000000000
0000000000001000
0000100000000000
0100010000001000
0000100000000000
0000000000000000
0000110000000000
0000000000000000
0100110000000000
0000000000000000
0000100001000000
0100010000000000
0000100000001000
0000010000000000
0000100000000000
0100000000000000
0000100001000000
0000000000001000
0100110000000000
0000000000000000
0000100000001000
0100010000000000
0000100000000000
0000010000000000
0100100001000000
0000000000000000
0000100000000000
0000010001000000
0000100000001000
0100010001000000
0000100000000000
0100000000000000
0000110000000000
0000000000000000
0000100000000000
0100010001000000
0000100000001000
0000010000000000
0000100000000000
0000010001000000
0000100000000000
0000010000000000
0000100000000000
0000010001000000
0100100000001000
0000000000000000
0000100000000000
0100000001000000
0000110000000000
0000000000000000
0100110000000000
0000000001000000
0100100000000000
0000000001001000
0000110000000000
0100000000000000
0000100000000000
0000000000000000
0000110000000000
0000000000000000
0000100001000000
0100000000000000
0000110000000000
0000000000001000
0000100000000000
0000010000000000
0100100000000000
0000000001000000
0000100000000000
0000000000000000
0100100000000000
0000010000000000
0000100000001000
0100011000000000
0000100001000000
0000000000000000
0100110000001000
0000000001000000
0000100000000000
0000000000001000
0000110000000000
0000000000000000
0100100000000000
0000000001000000
0000100000001000
0000010000000000
0000100000000000
0100000000000000
0000100001000000
0000000000001000
0100100000000000
0000000001000000
0000100000001000
0000000000000000
0001100001000010
0000001000000000
0100100000000000
0000000000001010
0000100000000000
0000000001000000
0100100000000000
0000000000000000
0000100000000010
0000000001000000
0100100000000000
0000000000000000
0000000000000000
0000100000000000
0000000000000000
0000100100000000
0000000000000000
0000000000000000
0000000000000000
0000000000000000
0000000000000000
0000000000000000
0000000000000000
0000100001000000
1000000100000000
0000000000000000
0000000000000000
0000000000000000
0000000000000000
0000000000000000
0000000000000000
0000000000000000
0000000000000000
0000000000000000
0000000000000000
0000000000000000
0000000000000000
0000000000000000
0000000000000000
0000000000000000
0000000000000000
0000000000000000
0000000000000000
0000000000000000
0000000000000000
0000000000000000
0000000000000000
0000000000000000
0000000000000000
0000000000000000
0000000000000000
0000000000000000
0000000000000000
0000000000000000
0000000000000000
0000000000000000
0000000000000000
0000000000000000
0000000000000000
0000000000000000
0000000000000000
0000000000000000
0000000000000000
0000000000000000
0000000000000000
0000000000000000
0000000000000000
0000000000000000
0000000000000000
0000000000000000
0000000000000000
0000000000000000
0000000000000000
0000000000000000
0000000000000000
0000000000000000
0000000000000000
0000000000000000
0000000000000000
0000000000000000
0000000000000000
0000000000000000
0000000000000000
0000000000000000
0000000000000000
0000000000000000
0000000000000000
0000000000000000
0000000000000000
0000000000000000
0000000000000000
0000000000000000
0000000000000000
0000100100010000
0100001000000000
0000000100010001
0100101000100000
0000000100010000
0000001000000001
0100000100000000
0000001000000001
0100000000000100
0000001100000000
0100000000010001
0000001100000000
0100000000000001
0000001100000100
0100000000000001
0000001100000100
0000000000010001
0100001000000100
0000000100000000
0100001000000000
0000000100000001
0100001000000000
0000000100000001
0000100000010000
0100000100100001
0000001000010000
0000000100000001
0100101000110000
1000000100000001
0100001000000000
1000000100010000
0100001000000001
0000000100010000
0100001000000001
0000000100010000
0100001000000001
0000000100000000
0100001000000000
0000000100000001
0100001000000000
0000000100000001
0100001000000000
0000100100010001
0100001000000000
0000000000000000
0100001000000001
0000000100000000
0100001000000000
0000000000010001
0100101000000000
0000000100010000
0100001000000000
0000000100000001
0100001000000000
0000000100000000
0100001000010001
0000000100000000
0100001000010000
0000000100000001
0100001000010000
0000000100000001
0100001000000000
0000000000010001
0100001100000000
0000000000010001
0100101000000000
0000000100000000
1100001000010000
0000000100000000
0100001000000001
1000100100010000
0100001000000001
0000000000010000
0000001100000001
0000000000000000
0100101100000000
0000000000010001
0100001100000000
0000100000110101
0100001000000000
0000000100000001
0100001000000000
0000000100010001
0000101000000000
0100000100000010
0000001000000001
0100000100000000
0000001000000001
0100000100000000
0000001000010000
0100000100000000
0000000000010001
0000001100000000
0100000000010000
0000001100000001
0000000000010000
0100101100000001
0000000000000000
0000101100000000
0100000000010001
0000001100000000
0101100000010000
0000001100000001
0100100000010010
0000001100000001
0100000000000000
1000001100000000
0100000000010000
0000101100000001
0000000000010000
0000100100000001
0100001000010010
0000000100000001
0100000000010010
0000100100000000
0000001000000000
0100000100000000
0000101000000001
0000000000010010
0100101000000001
0000000000010000
1100001100000000
0000100001000001
0100001000000000
0000000100100000
0100001000000000
0000000101000000
0100001000000000
1000000100100000
0100101000000001
0000000000100000
0100001000000000
0000100101000001
0000001000000000
0100000000000000
1000001000000000
0100000000000000
0000101001000001
0000000000000000
0100001000000000
0000000000000001
0000100100100000
0000000000000000
0100001000000000
0000000000000000
0000000000000000
0000000000000000
0000000000000000
0000000000000000
0000000000000000
0000000000000000
0000000000000000
0000000000000000
0000000000000000
0000000000000000
0000000000000000
0000000000000000
0000000000000000
0000000000000000
0000000000000000
0000000000000000
0000000000000000
0000000000000000
0000000000000000
0000000000000000
0000000000000000
0000000000000000
0000000000000000
0000000000000000
0000000000000000
0000000000000000
0000000000000000
0000000000000000
0000000000000000
0000000000000000
0000000000000000
0000000000000000
0000000000000000
0000000000000000
0000000000000000
0000000000000000
0000000000000000
0000000000000000
0000000000000000
0000000000000000
0000000000000000
0000000000000000
0000000000000000
0000000000000000
0000000000000000
0000000000000000
0000000000000000
0000000000000000
0000000000000000
0000000000000000
0000000000000000
0000000000000000
0000000000000000
0000000000000000
0000000000000000
0000000000000000
0000000000000000
0000000000000000
0000000000000000
0000000000000000
0000000000000000
0000000000000000
0000000000000000
0000000000000000
0000000000000000
0100100001010000
0000001000000000
0100100000010010
0000000000000000
0100110001010011
1000000100000000
0101101000010010
0000000100000001
0100100000000000
0000001000010000
0100100000000000
0000000000000010
0100100100000000
0000000000010000
0100100100000011
0000000000010000
0000100000000011
0100001000010000
0000100000000000
0100000000010001
0000100000000000
0100000001010010
0000100100000001
0000001000000000
0101100100000011
0000000000010000
0100100000000000
0000000100010011
0101100001000000
0000000000010011
0100000000000000
0000101000010010
0100000000000000
0000100000000000
1101001100010000
0000100000000011
0100000000000000
0000100101000001
0100000000010010
0000100000000001
0100000000000000
0000100100010010
0101001000000001
0000100000010010
0000000000000000
0100100100000010
0000001000000001
0000100000010010
0100000000000001
0000100000000010
0100001000010000
0000100101000001
0100000000000000
0000101000010010
0100000001000001
0000101000000010
0100000000000000
0000100000000000
0100000000000011
0000100000000000
0100000001010000
0000101000000011
0100000000000000
0000101101000000
0100000000000010
0000100000010001
0000000000000000
0000100001000010
0000000000000001
0100101001010010
0000000000000000
0100100000010010
0000000001000000
0100100000000000
0000001001000001
0101100000000010
0000000001010001
0100100000000000
0000001001010001
0101100000000000
0000000000000000
0100100000000000
1001001000000000
0100100000000000
0000000000000010
0001100000000000
0000000001010000
0000100000000010
0000000001000000
0000100000000000
0000000001010000
0000100000000000
0000000000000000
0100100000000000
1000000001010000
0100000000000000
0000100100000000
0000000000000000
0000000000000000
0001100000010000
0000000000000001
0001100000000000
0000000000000000
0000100000000000
0000000000000000
0100100000000000
0000000001000000
0000100000000000
0100000100000000
0000100000000000
0100000000000000
0000000000000000
0100100100000000
0000000000000010
0000000100000000
0001000000000010
0000100100010000
0001000000000000
0000000000000001
0000000000010010
0000000000000001
0001000000000000
0000000000010010
0000000100000001
0001000000000000
0000000000000010
0000000000000001
0000000000000000
0000000000000000
0000000000010010
0000000000000001
0000000000000010
0000000000010000
0000000000000000
0000000000000000
0100000001010000
0000000000000001
0000100000000000
0000000000000010
0100000000010000
0000000001000000
0100000000010000
0000000000000000
0000000000000000
0100000001010000
0000000000000000
0000000000000100
0100000000000000
1000000001000000
0000000000000000
0000000000000000
0000000000000000
0000000000000000
0000000000000000
0000000000000000
0000000000000000
0000000000000000
0000000000000000
0000000000000000
0000000000000000
0000000000000000
0000000000000000
0000000000000000
0000000000000000
0000000000000000
0000000000000000
0000000000000000
0000000000000000
0000000000000000
0000000000000000
0000000000000000
0000000000000000
0000000000000000
0000000000000000
0000000000000000
0000000000000000
0000000000000000
0000000000000000
0000000000000000
0000000000000000
0000000000000000
0000000000000000
0000000000000000
0000000000000000
0000000000000000
0000000000000000
0000000000000000
0000000000000000
0000000000000000
0000000000000000
0000000000000000
0000000000000000
0000000000000000
0000000000000000
0000000000000000
0000000000000000
0000000000000000
0000000000000000
0000000000000000
0000000000000000
0000000000000000
0000000000000000
0000000000000000
0000000000000000
0000000000000000
0000000000000000
0000000000000000
0000000000000000
0000000000000000
0000000000000000
1010001110000100
0000000000000001
1000001110001000
0011000000000000
1000000110000000
0010001000000000
0000000110101100
1000001000000001
0000000010000100
0000001000000001
0010000100000000
0000001010000100
1010000100101000
0000001000000000
0010000100101000
1000001010000001
0000000000100100
0010001110001001
0000000000000100
0010001010001000
1000000100100001
0010001010000100
0000000100001000
0010001010100101
0000000000001000
1000000110000100
0000000000000001
0000001110000100
0010000000000001
0000000110000000
1010001000000100
0000000100100000
1000001010000001
0000000100000000
0000001010000101
0010000100001000
0000001010000100
0010000100000000
1000001000000101
0010000010001000
0000001100100100
0010000010000000
1000001000001100
0010000110000001
0000001000000100
1000000100001000
0010001010000101
0000000000000000
1010001110000101
0000000000001000
1010001110000100
0000000000000000
0010001110100001
0000000000000100
0000001010000001
0000000000100000
0010000010001001
0000000000000100
0000001010000001
0000000000000100
0000001010000001
0000000000100100
0000000010000001
0000000000000100
0000001010100001
1000000000000100
0000000010000001
0000001000000100
0000000010001001
0000000000000000
0000001010100101
0000000000001000
0000000000100000
0010000010000101
0000001000000000
0000000010000000
0010001000100101
0000000010000000
0000000000100001
0000000010000100
0000001000100001
0000000010000000
0000001000000101
0000000010000000
0000001000000100
0010000010000001
0000001000000100
0000000010100001
0000000000000100
0010001010100001
0000000000000100
0000000010100001
0000000000000000
0010000010100101
0000001000000000
0000000010000101
0000001000100000
0000000010000001
0000000000100000
0000001010000101
1000000000000000
0000000010000001
0000000000000000
0000000010000101
0000000000000000
0010000010000100
0000001000001000
1000000010100001
0000000000000000
0000000010000001
0000010000100100
0000000010001000
1000001000000100
0000000010100000
0010000000000100
0000000000101000
0000001000000100
0000000010101001
0100000000000000
0000000000001000
0000001010100101
0000000000001000
0000001000000100
0100000010100000
0000000000000001
0000001010101000
0100000100000000
0000000000000000
1000001010000100
0000000000000000
0000001110100000
0000000000000100
1000001000001000
0000000000000100
0000001100101000
1000000010000100
0000000000000000
0000011000000100
0000000000000000
0000001000000110
0100000010000000
0000000100000000
0000000000000000
0000000000000100
0000001010000000
0000000000000000
0000000000000000
0000000000000000
0000000000000000
0000000000000000
0000000000000000
0000000000000000
0000000000000000
0000000000000000
0000000000000000
0000000000000000
0000000000000000
0000000000000000
0000000000000000
0000000000000000
0000000000000000
0000000000000000
0000000000000000
0000000000000000
0000000000000000
0000000000000000
0000000000000000
0000000000000000
0000000000000000
0000000000000000
0000000000000000
0000000000000000
0000000000000000
0000000000000000
0000000000000000
0000000000000000
0000000000000000
0000000000000000
0000000000000000
0000000000000000
0000000000000000
0000000000000000
0000000000000000
0000000000000000
0000000000000000
0000000000000000
0000000000000000
0000000000000000
0000000000000000
0000000000000000
0000000000000000
0000000000000000
0000000000000000
0000000000000000
0000000000000000
0000000000000000
0000000000000000
0000000000000000
0000000000000000
0000000000000000
0000000000000000
0000000000000000
0000000000000000
0000000000000000
0000000000000000
0000000000000000
0000000000000000
0000000000000000
0000000000000000
0000000000000000
0000000100010001
0000000000000000
0000000000110001
0000000100000000
0000000000010001
0000000100000000
0000000000000001
0100000100100000
0000000000010001
0000000100000100
0000001000000001
0100000100000000
0000000000100000
0000001100001000
0000000000000000
0000000110001000
0000001000000001
0000000100101000
0000001000000000
0100010000000000
0000000110001000
0000000000000000
0100001010000001
0000000000101000
0000001100000000
0000010000101001
0100000000000000
0000000010000000
0000011100001001
0000000000000000
0000001110001100
0000000000000000
0000001000000001
0000000100100000
0000000000000001
0100001010001000
0000000100000100
0000001000001000
0000010000000001
0000000100001000
0100001010000000
0000000100001001
0000000000100100
0000010100001000
0100000010000000
0000001100000000
0100010000001000
0000001100000000
0000000000101101
0000001100000000
0000000000001000
0000001000100100
0000000100000000
0000001000001000
0100010110000001
0000001000100100
0100000010001000
0000000100100000
0000001000000100
0000000110001000
0100000000100100
0000001000001000
0000000100000001
0000001000001000
0000000100100000
0000001000001001
0000000110000100
0000000000100000
0100001100000001
0000000000101100
0000001000000001
0100000000101000
0000001000000000
0000000000001001
0000001110000000
0000010000001001
0000000100000100
0100001010000001
0000000100001100
0000001000000001
0100010100001000
0000001010100000
0000010100000100
0000000000001000
0000001000100001
0000000010001100
0100001100000000
0000000000001001
0000011000000100
0000000000001001
0000001100000000
0000000010000100
0000000100101000
0000011010000001
0000000100000000
0100001000101001
0000000110000100
0100001000000000
0000000100101001
0000001000000000
0000000000100000
0000001100000000
0000000000101100
0000001100000000
0000000000101101
0000000010000000
0100001100000000
0000000000101000
0000001100000100
0000000000101000
0000001100000000
0000000000101101
0000000100000000
0000000010001001
0000001000100000
0000010000001000
0100001100100100
0000000000001001
0000000100100100
0000001000000000
0100010100001000
0000001000000100
0100000110000000
0000001000001101
0100000000000000
0000001100000100
0100000000100000
0000001000000000
0010000100101000
0000001000000000
0110000100000000
0000001000001100
0000000000100000
0100000000000000
0000000010001000
0000000000000000
0000000000001000
0100000000000100
0000001000001000
0000000000000000
0000000000000000
0000000100000000
0000000000000000
0000000000000000
0000000000000000
0000000000000000
0000000000000000
0000000000000000
0000000000000000
0000000000000000
0000000000000000
0000000000000000
0000000000000000
0000000000000000
0000000000000000
0000000000000000
0000000000000000
0000000000000000
0000000000000000
0000000000000000
0000000000000000
0000000000000000
0000000000000000
0000000000000000
0000000000000000
0000000000000000
0000000000000000
0000000000000000
0000000000000000
0000000000000000
0000000000000000
0000000000000000
0000000000000000
0000000000000000
0000000000000000
0000000000000000
0000000000000000
0000000000000000
0000000000000000
0000000000000000
0000000000000000
0000000000000000
0000000000000000
0000000000000000
0000000000000000
0000000000000000
0000000000000000
0000000000000000
0000000000000000
0000000000000000
0000000000000000
0000000000000000
0000000000000000
0000000000000000
0000000000000000
0000000000000000
0000000000000000
0000000000000000
0000000000000000
0000000000000000
0000000000000000
0000000000000000
0000000000000000
0000000000000000
0000000000000000
0000000000000000
0000000000000000
0000000000000000
0000000000000000
0000000000000000
1100101000000000
0000000000101001
0100001000000000
1000100000000000
0100001100101001
1000100000000000
0100001000100001
0000000000000000
1100101100101000
0000000000000001
0100101000000000
0000000000101001
0100101100000000
0000000000000000
1000101000001000
0000000000000000
0000101000000000
0100000000101000
1000001000000001
0100100000101000
0000001000000000
0100000000001001
0000101000000000
1100000110000001
0000101000100000
1100000000000001
0000001010001000
0100000000000001
0000101100001000
1000000000100001
0100101000000000
1000000010100000
0100101000000001
1000000000100000
0100001000001000
0000100100100001
0100001000001000
0000100000000000
1100001000000000
0000100100001000
0100001000100000
0000100000000000
0000001000001000
0000000000100101
0100001110000000
0000100000101000
0100001100000100
1000100000101001
0100011000000100
0000000100000001
1100101000000000
0000000000000100
1100101000001000
0000000000000001
0100101100001100
0000000000100001
1100101000000000
0000000100100001
0100101000000000
0000000000001000
0100001000100011
1000100000000000
0100001000000001
1000100000000000
0100001000001010
0000100000000000
0100001000100000
1000100000000000
0100001000000001
0000100100010010
0100001000000000
1000100000000000
0100001100000000
0000100000110010
1101001000000000
0000100001000000
1101001000010010
0000100001000000
0100001100000000
1000100000011000
0100001101100010
0000100000000000
0100001000000010
0000100000000000
1100001000000000
0000100100000011
1000001000000000
0100100000110010
0000001100000000
0000100000000000
1100001000000000
0000000000100001
0100101000000000
1000000001010000
0100101000001010
1000000000000000
0100101000000001
0000000001000010
0100101000000000
0000000000000000
0100101100000011
0000000000000000
0101101000000010
0000000000000000
1100101100000000
0000000000000010
0100101000000000
0000000000000000
0100101000000011
0001000000000000
0000101000010000
0100000100000000
1000101001000010
0000000000000000
0100101000000010
0000000001010000
1100101000000000
0000000000000010
1100101000010000
0000000000001000
0100101000000010
0000000000000001
0100001100011000
0000100000000000
0100000000000010
0000001000000000
0100100100000001
0000001010000000
0000000000000000
0100000000000001
1000001010001000
0100000000000000
0000000000000000
0100100000000001
0000000000000000
0000000000000000
0000000000000000
0000000000000000
0000000000000000
0000000000000000
0000000000000000
0000000000000000
0000000000000000
0000000000000000
0000000000000000
0000000000000000
0000000000000000
0000000000000000
0000000000000000
0000000000000000
0000000000000000
0000000000000000
0000000000000000
0000000000000000
0000000000000000
0000000000000000
0000000000000000
0000000000000000
0000000000000000
0000000000000000
0000000000000000
0000000000000000
0000000000000000
0000000000000000
0000000000000000
0000000000000000
0000000000000000
0000000000000000
0000000000000000
0000000000000000
0000000000000000
0000000000000000
0000000000000000
0000000000000000
0000000000000000
0000000000000000
0000000000000000
0000000000000000
0000000000000000
0000000000000000
0000000000000000
0000000000000000
0000000000000000
0000000000000000
0000000000000000
0000000000000000
0000000000000000
0000000000000000
0000000000000000
0000000000000000
0000000000000000
0000000000000000
0000000000000000
0000000000000000
0000000000000000
0000000000000000
0000000000000000
0000000000000000
0000000000000000
0000000000000000
0000000000000000
0000000000000000
0000000000000000
0000000000000000
0000000000000000
0000000000000000
0000000000000000
0000000000000000
0000000000000000
0000000000000000
0000000100000000
0000000000000001
0000000100000000
0000000000000000
0000000100000000
0000000000000000
0000000100000001
0000000000010000
0000000100000000
0000000000000000
0000000100000001
0100000000010000
0000000100000001
0100000000010000
0000000100000000
0100000000000001
0000000100100000
0000000000000001
0000000100100100
0100000000000001
0000000100000100
0100000000000001
0000000100000000
0000000000000001
0000000100010000
0100000000000001
0000000100000000
0000000000000000
0000000100000001
0000000000010000
0000000000000000
0000000000000000
0000000000000001
0000000000000000
0000000000000101
0000000000000000
0000000000110000
0000000000000100
0000000000000001
0000000000100100
0000000000000000
0000000000100001
0000000010000000
0000001100100100
0000000010000001
0000001100000100
0000000000101000
0000001000000100
0000000010101000
0000000000000001
0000001000001100
0000000010100000
0000000000000001
0010000100001000
0000000010100000
0000000000001001
0000000000000000
0000000000000000
0000010000001000
0000000000000000
0000010000001000
0000000000000000
0000000000000000
0000000000000000
0000000000000000
0000000000000000
0000000000000000
0000000000000000
0000000000000000
0000000000000000
0000000000000000
0000000000000000
0000000000000000
0000000000000000
0000000000000000
0000000000000000
0000000000000000
0000000000000000
0000000000000000
0000000000000000
0000000000000000
0000000000000000
0000000000000000
0000000000000000
0000000000000000
0000000000000000
0000000000000000
0000000000000000
0000000000000000
0000000000000000
0000000000000000
0000000000000000
0000000000000000
0000000000000000
0000000000000000
0000000000000000
0000000000000000
0000000000000000
0000000000000000
0000000000000000
0000000000000000
0000000000000000
0000000000000000
0000000000000000
0000000000000000
0000000000000000
0000000000000000
0000000000000000
0000000000000000
0000000000000000
0000000000000000
0000000000000000
0000000000000000
0000000000000000
0000000000000000
0000000000000000
0000000000000000
0000000000000000
0000000000000000
0000000000000000
0000000000000000
0000000000000000
0000000000000000
0000000000000000
0000000000000000
0000000000000000
0000000000000000
0000000000000000
0000000000000000
0000000000000000
0000000000000000
0000000000000000
0000000000000000
0000000000000000
0000000000000000
0000000000000000
0000000000000000
0000000000000000
0000000000000000
0000000000000000
0000000000000000
0000000000000000
0000000000000000
0000000000000000
0000000000000000
0000000000000000
0000000000000000
0000000000000000
0000000000000000
0000000000000000
0000000000000000
0000000000000000
0000000000000000
0000000000000000
0000000000000000
0000000000000000
0000000000000000
0000000000000000
0000000000000000
0000000000000000
0000000000000000
0000000000000000
0000000000000000
0000000000000000
0000000000000000
0000000000000000
0000000000000000
0000000000000000
0000000000000000
0000000000000000
0000000000000000
0000000000000000
0000000000000000
0000000000000000
0000000000000000
0000000000000000
0000000000000000
0000000000000000
0000000000000000
0000000000000000
0000000000000000
0000000000000000
0000000000000000
0000000000000000
0000000000000000
0000000000000000
0000000000000000
0000000000000000
0000000000000000
0000000000000000
0000000000000000
0000000000000000
0000000000000000
0000000000000000
0000000000000000
0000000000000000
0000000000000000
0000000000000000
0000000000000000
0000000000000000
0000000000000000
0000000000000000
0000000000000000
0000000000000000
0000000000000000
0000000000000000
0000000000000000
0000000000000000
0000000000000000
0000000000000000
1000000000000000
0000000100010011
0000000000000000
1000000000010000
0000000100000000
0000000000000011
0000000000010000
0000000100000011
0000000000010000
0001000000000000
0000000000010011
0000000000000000
0000000000000011
0000000000010000
0001000000000001
0000000000000000
0000000100010000
0000000000000001
0001000000000000
0000000000010010
0000000100000001
0000000000000000
0000000000010010
0000000000000001
0000000000000000
0000000000000011
0000000000010000
0000000000000000
0000000000000000
0000000000010001
0000000000000000
0000000100000000
0000000000010001
0000000000000010
0000000000000000
0001000000010001
0000000000000000
0000000000000010
0000000000000000
0001000100010011
0000000000000000
0000000000000001
0000000000010000
0000000000000011
0000000000000000
0000000000010000
0000000000000000
0000000100000000
0000000000010000
0000000100000001
0000000001010000
0000000000000000
0000000000000000
0000000001010000
0000000000000100
0000000000000000
0000000000000000
0000000000000000
0000000000000000
0000000000000000
0000000000000000
0000000000000000
0000000000000000
0000000000000000
0000000000000000
0000000000000000
0000000000000000
0000000000000000
0000000000000000
0000000000000000
0000000000000000
0000000000000000
0000000000000000
0000000000000000
0000000000000000
0000000000000000
0000000000000000
0000000000000000
0000000000000000
0000000000000000
0000000000000000
0000000000000000
0000000000000000
0000000000000000
0000000000000000
0000000000000000
0000000000000000
0000000000000000
0000000000000000
0000000000000000
0000000000000000
0000000000000000
0000000000000000
0000000000000000
0000000000000000
0000000000000000
0000000000000000
0000000000000000
0000000000000000
0000000000000000
0000000000000000
0000000000000000
0000000000000000
0000000000000000
0000000000000000
0000000000000000
0000000000000000
0000000000000000
0000000000000000
0000000000000000
0000000000000000
0000000000000000
0000000000000000
0000000000000000
0000000000000000
0000000000000000
0000000000000000
0000000000000000
0000000000000000
0000000000000000
0000000000000000
0000000000000000
0000000000000000
0000000000000000
0000000000000000
0000000000000000
0000000000000000
0000000000000000
0000000000000000
0000000000000000
0000000000000000
0000000000000000
0000000000000000
0000000000000000
0000000000000000
0000000000000000
0000000000000000
0000000000000000
0000000000000000
0000000000000000
0000000000000000
0000000000000000
0000000000000000
0000000000000000
0000000000000000
0000000000000000
0000000000000000
0000000000000000
0000000000000000
0000000000000000
0000000000000000
0000000000000000
0000000000000000
0000000000000000
0000000000000000
0000000000000000
0000000000000000
0000000000000000
0000000000000000
0000000000000000
0000000000000000
0000000000000000
0000000000000000
0000000000000000
0000000000000000
0000000000000000
0000000000000000
0000000000000000
0000000000000000
0000000000000000
0000000000000000
0000000000000000
0000000000000000
0000000000000000
0000000000000000
0000000000000000
0000000000000000
0000000000000000
0000000000000000
0000000000000000
0000000000000000
0000000000000000
0000000000000000
0000000000000000
0000000000000000
0000000000000000
0000000000000000
0000000000000000
0000000000000000
0000000000000000
0000000000000000
0000000000000000
0000000000000000
0000000000000000
0000000000000000
0000000000000000
0000000000000000
0000000000000000
0000000000000000
0000000000000000
0000000000000000
0000000000000000
0000000000000000
0000000000000000
0000000000000000
0000000000000000
0000000000000000
0000000000000000
0000000000000000
0000000000000000
0100001100010000
0000000000000001
0100001100010000
0000000000000010
0100101100000001
1000000000000000
0100101100010001
0001000000000000
0000001100010000
0100100000000001
0001001100010000
0100000000000000
0000101000010011
1000000000000000
0100001100000000
1000000000010001
0100001100000000
0000000000000000
0100001100010001
0000000000000010
0100100100000001
0000000000010010
0100000100000001
0000100000010000
0000000100000011
0000000000000000
0000000100010010
0000000000000001
0100000100010000
0001000000000001
0000000100010000
0000000000000000
0000000100010000
0100000000000000
0000000000010000
0000000100000000
0000000000000000
0000000000010001
0000000100000000
0100000000000001
0000000000000000
0000000000010001
0100000000000000
0000000100010000
0000000000000000
0000000000000000
0100000100000000
0000000000010000
0000000101000000
0100000000000000
0000000100010000
0000000000000000
0000000100000000
0000000000000000
0000000100000000
0000010000000000
0100001000000000
0000000100000000
0000001000001000
0000000000010000
0100000100000000
0000001000000000
0000000100000000
0100000000000000
0000001100000000
0000000000000000
0100000100010000
0000001000000000
0000000000001000
0100001000000000
0000000000010000
0000000100001000
0000001000000001
0000010100000000
0100000000001000
0000001100000000
0000000000011000
0100010100000000
0000000000001001
0000000100000000
0100001000000000
0000000100000000
0000000000001001
0000001100000000
0100000000010000
0000001000001000
0000000100000000
0100000000001000
0000001000000000
0000000100000000
0000000000001000
0100000000000000
0000000100000001
0000001000000000
0100000100011000
0000010000000000
0000001100000000
0100000000001000
0000000100000000
0000011000000000
0000000000001000
0000000100000100
0100011000000000
0000000000010000
0000000100001001
0100000000000000
0000010100000000
0000001000011000
0000000100000000
0100000000000000
0000000100000000
0000001000000001
0000010000000000
0100000100000000
0000001000000000
0000010100010000
0100000000000000
0000011100000000
0000000000000000
0000000100000000
0100001000010000
0000010100000000
0000000000000000
0100000100001000
0000001000000100
0000000100000000
0100000000000001
0000000100010000
0000000000001000
0000001100000000
0000010000000000
0000000100000100
0000000000000000
0100000000011000
0000000100000001
0000000000000000
0000000000010000
0000000001000001
0100010000010000
0000000000001000
0000000000000000
0000000000000000
0000000000000000
0000000000000000
0000000000000000
0000010100000000
0000000000000000
0000000000000000
0000000000000000
0000000000000000
0000000000000000
0000000000000000
0000000000000000
0000000000000000
0000000000000000
0000000000000000
0000000000000000
0000000000000000
0000000000000000
0000000000000000
0000000000000000
0000000000000000
0000000000000000
0000000000000000
0000000000000000
0000000000000000
0000000000000000
0000000000000000
0000000000000000
0000000000000000
0000000000000000
0000000000000000
0000000000000000
0000000000000000
0000000000000000
0000000000000000
0000000000000000
0000000000000000
0000000000000000
0000000000000000
0000000000000000
0000000000000000
0000000000000000
0000000000000000
0000000000000000
0000000000000000
0000000000000000
0000000000000000
0000000000000000
0000000000000000
0000000000000000
0000000000000000
0000000000000000
0000000000000000
0000000000000000
0000000000000000
0000000000000000
0000000000000000
0000000000000000
0000000000000000
0000000000000000
0000000000000000
0000000000000000
0000000000000000
0000000000000000
0000000000000000
0000000000000000
0000000000000000
0000000000000000
0000000000000000
0101111100010010
0000000000000000
0001001100010010
0100000000000100
0001101100010010
0000000000100000
0101101100010010
0000000000000000
0101101100010010
0000000000000000
0101101100010010
0000000000000000
0100001100010010
0000000000000000
0101111100010010
0000000000000000
0101011100010010
0000000000000000
0000000100010010
0101101000100000
0000010100010010
0100001000000000
0000100100010010
0101011000000000
0000100100010010
0001001000100000
0100110000010000
0001001100000010
0100000000110001
0000001100000000
0001000000110000
0100101100000011
0001000000010000
0100001100100011
0000100000010000
0001001000000000
0100010000010010
0001100000000001
0000001100010000
0100100000000011
0001001100110000
0100100000000000
0000001100010010
0101110000000000
0000001100010010
0100100000000000
0000011100010010
0001100000000000
0000001000010010
0101100000000000
0000001100010010
0001000000000000
0000101100110011
0100010000000000
0001101100110011
0000000000000000
0100101000010010
0001010100000000
0000001000010000
0001010100000010
0100101000110000
0000000000000010
0100101100010000
0001010000000000
0100001000000000
0001100100100010
0000001000010000
0001000000000010
0100000100010000
0001001000000010
0000100000110000
0001001100000010
0100100000010000
0001001000000010
0000000000100000
0001101000010010
0100000000100000
0000101000010010
0001000100000000
0100000000010010
0000111000100000
0101000100010010
0000001000000000
0101000100010010
0000101000000000
0100000100010010
0001001000000000
0000100000010010
0000000000100001
0101101000010010
0000000000000000
0001100100010010
0000001000100000
0000000000010011
0001101000000000
0100000000010011
0001101000000000
0000000000010010
0001100000000000
0000011000010010
0000100000000000
0101001000010010
0000100000000000
0101001000010010
0000100000000001
0100001100100010
0000100000010001
0001001000000010
0000000100010000
0101001000000010
0000100000010000
0101001000000010
0000110000010000
0001001000000010
0000100000010000
0001001001100010
0100000000010000
0001101000000010
0100000000010000
0001101000000010
0100000100010001
0001111000000010
0100000000110000
0000101000000011
0000010000010000
0001001000000010
0100000000000000
0001101000010010
0100000100000000
0001011000000010
0000100000110000
0101001000000000
0000100000100000
0101000000000010
0000001000000000
1110000100000010
0001000000000001
1100000000000000
0001101100000011
0000000000000000
1010010000000001
0001100000000010
0000000000000001
0000100000100000
0000010000000000
0000000000000000
0000000000100000
0000100000000000
0000000000000000
0000010000000000
0000000000100000
0000000000000000
0000000000000000
0000000000000000
0000000000000000
0000000000000000
0000000000000000
0000000000000000
0000000000000000
0000000000000000
0000000000000000
0000000000000000
0000000000000000
0000000000000000
0000000000000000
0000000000000000
0000000000000000
0000000000000000
0000000000000000
0000000000000000
0000000000000000
0000000000000000
0000000000000000
0000000000000000
0000000000000000
0000000000000000
0000000000000000
0000000000000000
0000000000000000
0000000000000000
0000000000000000
0000000000000000
0000000000000000
0000000000000000
0000000000000000
0000000000000000
0000000000000000
0000000000000000
0000000000000000
0000000000000000
0000000000000000
0000000000000000
0000000000000000
0000000000000000
0000000000000000
0000000000000000
0000000000000000
0000000000000000
0000000000000000
0000000000000000
0000000000000000
0000000000000000
0000000000000000
0000000000000000
0000000000000000
0000000000000000
0000000000000000
0000000000000000
0000000000000000
