0.000000
-0.146688
-0.458981
-2.851022
-3.109080
-2.114119
-2.623887
-2.805608
-1.874684
-1.175592
-1.033697
-1.377874
-1.665453
-1.047710
-0.624501
-1.166370
-1.504376
-0.394265
-1.445066
-1.033965
-1.388021
-1.091313
-0.558729
-0.179813
-1.083396
-1.216065
-0.954535
-1.417094
-1.896207
-1.781825
-2.173111
-2.486267
-1.953026
-1.648223
-2.102173
-1.994995
-2.542580
-2.390577
-2.488920
-2.064467
-2.704983
-2.836086
-3.483150
-3.369401
-3.587693
-2.074430
-2.686364
-3.333158
-2.997662
-2.723327
-2.824746
-3.071870
-3.527947
-1.932239
-0.946502
-0.887528
-2.080544
-2.051635
-2.932199
-2.253579
-2.117728
-3.338974
-3.737885
-3.158821
-3.745434
-2.872725
-4.152543
-4.015400
-2.894189
-2.741338
-3.586092
-2.221473
-2.434519
-2.643732
-2.150131
-2.849759
-2.655475
-3.205802
-3.809034
-3.916189
-3.795931
-4.586769
-4.757266
-4.230062
-4.141042
-4.145187
-5.331431
-4.849764
-4.217868
-4.058539
-2.257496
-1.276264
-1.546264
-2.248320
-0.851014
-1.223116
-0.569381
-1.481044
-1.755329
-2.041048
-2.350505
-2.090534
-0.726241
-0.611754
-1.679384
-2.413958
-2.454034
-2.338146
-2.430809
-2.561745
-3.705507
-3.758305
-3.033581
-2.331767
-2.005980
-2.210592
-2.422451
-1.860796
-2.797837
-2.663124
-2.095024
-2.104899
-1.162654
-1.696351
-0.783329
-0.651554
-1.318812
-0.590365
-0.852589
-0.682071
-1.063417
-0.871879
-0.718648
-0.596064
-0.497996
-0.398397
-0.318717
-0.254974
0.292636
0.234109
0.683902
1.043737
1.331605
0.000000
0.496615
0.397292
0.317834
0.254267
0.203414
0.162731
0.130185
0.104148
0.083318
0.066655
0.053324
0.042659
0.034127
0.027302
0.021841
0.017473
0.013978
0.011183
0.008946
0.007157
0.005726
0.004580
0.003664
0.002932
0.002345
0.001876
0.001501
0.001201
0.000961
0.000768
0.000615
0.000492
0.000393
0.000315
0.000252
0.000201
0.000161
0.000129
0.000103
0.000083
0.000066
0.000053
0.000042
0.000034
0.000027
0.000022
0.000017
0.000014
0.000011
0.000009
0.000007
0.000006
0.000005
0.000004
0.000003
0.000002
0.000002
0.000001
0.000001
0.000001
0.000001
0.000001
0.000000
0.000000
0.000000
0.000000
0.000000
-1.028341
0.363875
-0.585873
-2.021371
-1.839864
-1.015891
-3.750191
-4.941748
-4.589748
-4.010104
-3.985966
-5.605336
-4.355422
-6.531618
-6.906240
-6.194282
-6.226011
-4.685119
-5.842031
-3.910131
-2.356785
-2.248714
-1.815299
-1.680799
-2.747474
-1.391533
-2.005657
0.892986
1.282151
0.000000
1.518740
0.000000
-2.875973
-3.221688
-0.497733
-0.919120
-1.657140
0.653210
-0.877434
-2.438024
-1.307215
-1.372208
0.022746
0.428515
0.722068
0.201577
0.013709
0.853636
-0.440871
0.218306
0.658410
-1.334686
-0.995442
-0.030548
-2.200706
-1.837993
-2.011918
-3.228517
-1.554445
-1.663801
-1.384351
-0.311516
-2.038071
-2.760839
-1.579297
-1.657066
0.002182
2.486671
0.000000
0.938073
1.448371
0.000000
-0.845329
-2.190010
-1.237373
-0.977830
-0.547706
-2.418003
-3.841654
-3.732745
-5.026027
-3.940690
-4.664980
-5.483587
-4.903111
-5.196870
-6.957883
-6.456377
-5.351191
-4.881888
-4.787838
-4.222199
-3.425039
-0.785936
0.303230
-0.526380
-2.154699
-0.871185
-2.579510
-2.699629
-2.567832
0.164814
0.417327
0.177265
0.940452
0.599445
1.516116
0.000000
0.283595
-0.567643
-0.655507
-0.898426
-2.446549
-4.171725
-1.700997
-0.398644
0.310205
1.064286
-1.060099
-0.819019
1.051231
1.567214
0.000000
0.982212
1.066682
0.359915
0.493498
0.928378
1.405266
0.000000
-0.322492
-0.342394
0.727908
1.071411
0.819851
1.464067
0.000000
0.546037
0.095632
-0.115522
0.056753
0.162931
0.130345
0.072634
0.058107
0.014844
0.011875
0.009500
0.007600
-0.025562
-0.020449
-0.016360
-0.013088
-0.010470
-0.008376
-0.006701
-0.005361
-0.004289
-0.003431
-0.002745
-0.002196
-0.001757
-0.001405
-0.001124
-0.000899
-0.000720
-0.000576
-0.000460
-0.000368
-0.000295
-0.000236
-0.000189
-0.000151
-0.000121
-0.000097
-0.000077
-0.000062
-0.000049
-0.000040
-0.000032
-0.000025
-0.000020
-0.000016
-0.000013
-0.000010
-0.000008
-0.000007
-0.000005
-0.000004
-0.000003
-0.000003
-0.000002
-0.000002
-0.000001
-0.000001
-0.000001
-0.000001
-0.000001
-0.000000
-0.000000
-0.000000
-0.000000
-0.000000
-0.000000
-0.000000
-0.000000
-0.000000
-0.000000
-0.000000
-0.000000
-0.898021
-1.330884
-1.119455
0.359915
0.874118
1.671865
0.000000
-0.134380
0.651883
-0.808187
-0.054502
-1.432185
-1.546303
-0.811970
-2.442314
-0.198532
-2.530476
-1.322721
-0.678984
-1.946448
-1.416315
-1.965332
-1.366330
-1.574741
-1.778766
-2.008258
-1.241520
-1.941057
-0.429888
-1.485981
-1.861623
-2.690753
-1.342054
0.257237
1.322267
0.000000
-0.721380
-0.251862
-0.791685
-2.037869
-3.672000
-3.915322
-1.970712
-2.094899
-2.115758
-4.408774
-5.171348
-5.002667
-5.127464
-6.007037
-3.603010
-3.338228
-1.621175
-1.312443
-1.125184
0.983375
-0.464332
-0.958909
-3.752481
-2.386781
-1.650083
-1.320403
-2.207284
0.214157
-0.105993
-0.593479
-0.511884
-2.892141
-1.949104
-1.686705
-3.790916
-3.186799
-2.849453
-2.422668
-2.148764
0.040221
-0.901939
-0.902605
0.104911
-1.055619
-0.553551
0.539705
1.186574
0.000000
-0.230880
0.993060
0.410797
0.276261
0.285817
-1.168055
-2.009857
-0.265527
-0.434830
0.228398
2.006070
0.000000
-1.051660
-3.141384
-1.069999
-1.739328
-2.693752
-2.483415
-1.466783
-2.608612
-3.642731
-1.920025
-1.791895
-0.709140
-1.351245
-1.142653
0.247020
0.590043
0.650043
1.057766
0.649907
-0.594472
-1.588595
-0.178534
0.417204
0.814279
0.969056
-0.274563
-0.836728
-0.633925
-1.758050
-3.193782
-2.835665
-3.954005
-2.827060
-2.647320
-2.940543
-3.379747
-2.238989
-2.965406
-1.563412
-1.485626
-2.182290
-2.337520
-2.549487
-1.835096
-1.664079
-1.515155
-0.784219
-0.080658
-0.041826
0.523847
0.965794
1.095940
1.423468
0.000000
0.000000
0.000000
0.000000
0.000000
0.000000
0.000000
0.000000
0.000000
0.000000
0.000000
0.000000
0.000000
0.000000
0.000000
0.000000
0.000000
0.000000
0.000000
0.000000
0.000000
0.000000
0.000000
0.000000
0.000000
0.000000
0.000000
0.000000
0.000000
0.000000
0.000000
0.000000
0.000000
0.000000
0.000000
0.000000
0.000000
0.000000
0.000000
0.000000
0.000000
0.000000
0.000000
0.000000
0.000000
0.000000
0.000000
0.000000
0.000000
0.000000
0.000000
0.000000
0.000000
0.000000
0.000000
0.000000
0.000000
0.000000
0.000000
0.000000
0.000000
1.264867
0.000000
1.958591
0.000000
2.191143
0.000000
0.087152
1.712332
0.000000
0.993899
1.074005
0.856216
2.141670
0.000000
0.861288
2.021681
0.000000
0.850343
0.614727
0.486359
1.814220
0.000000
-0.275875
0.623309
-0.311343
1.320349
0.000000
0.268721
-0.001460
1.081068
2.508409
0.000000
2.494194
0.000000
0.115131
-1.053089
-0.416724
0.927595
2.785484
0.000000
-0.021335
0.947672
2.418274
0.000000
-0.197150
1.524203
0.000000
0.409485
1.301636
0.000000
1.278851
0.000000
0.351111
-0.168208
0.057666
-0.847207
-1.627320
-0.921641
-2.307168
-1.426193
-1.157117
-2.033099
-1.462230
-1.436354
0.621593
1.252369
0.000000
-0.829569
-1.214979
-2.134317
-2.979218
-2.555727
-1.452962
-1.857385
-1.482084
-0.417974
-0.628459
-2.670501
-1.716213
-1.753404
0.627141
0.572126
-0.010312
0.145795
0.081420
0.823221
0.359657
-0.000445
0.778800
-0.210558
0.627206
0.398562
0.008369
-0.669603
-1.161712
-1.482317
-1.672290
-1.465992
-0.544366
0.416878
1.332708
0.000000
-0.167800
-0.734145
-1.971462
-2.474167
0.709192
1.229105
0.000000
1.042980
0.826227
0.396375
1.373370
0.000000
-1.194399
-0.836611
-1.984452
-2.192914
-2.459206
-1.724474
-2.040664
-1.826289
-1.364238
-0.648747
-0.633666
-0.292509
-0.007563
0.959049
1.473325
0.000000
0.917201
0.458751
1.604452
0.000000
0.730358
1.686617
0.000000
0.060290
-0.089744
-0.011505
-0.366766
-0.849240
-0.870452
-0.887421
-0.702731
-0.753244
-0.602595
-0.482076
-0.576721
-0.461376
-0.369101
-0.295281
-0.236225
-0.188980
-0.151184
-0.120947
-0.096758
-0.077406
-0.061925
-0.049540
-0.039632
-0.031706
-0.025364
-0.020292
-0.016233
-0.012987
-0.010389
-0.008311
-0.006649
-0.005319
-0.004255
-0.003404
-0.002723
-0.002179
-0.001743
-0.001394
-0.001116
-0.000892
-0.000714
-0.000571
-0.000457
-0.000366
-0.000292
-0.000234
-0.000187
-0.000150
-0.000120
-0.000096
-0.000077
-0.000061
-0.000049
-0.000039
-0.000031
-0.000025
-0.000020
-0.000016
-0.000013
-0.000010
-0.000008
-0.000007
-0.000005
-0.000004
-0.000003
-0.000003
-0.000002
-0.000002
-0.000001
-0.000001
-0.000001
-0.000001
-0.224361
-1.913473
-2.260907
-2.529911
-2.440199
-2.444625
-3.538067
-4.591008
-3.965954
-4.854230
-3.512722
-3.082101
-4.258759
-2.836728
-1.901689
-1.750763
-2.129326
-2.324121
-0.092324
0.548706
-0.409266
-1.063935
-3.371422
-2.362773
-4.029990
-4.192136
-2.770088
-2.931726
-2.080635
-1.867660
-3.120701
-2.469624
-3.642313
-5.555986
-4.795104
-5.827078
-6.369075
-4.864524
-4.423594
-3.479747
-3.318341
-3.493664
-3.410780
-3.300739
-2.052565
-3.147039
-3.261961
-2.277133
-2.183552
-3.640739
-2.068209
-3.223629
-4.944149
-4.346495
-4.632735
-4.310537
-4.407504
-5.130954
-4.640549
-2.875496
-3.801446
-3.934487
-1.786169
-1.591776
-2.035519
-2.530176
-2.974654
-2.275315
-2.845710
-3.449293
-4.255604
-3.468117
-3.354678
-3.074710
-3.240367
-2.184001
-2.640961
-2.439196
-2.246237
-3.530714
-3.272518
-4.498083
-4.749645
-4.040945
-3.962102
-5.002942
-5.663274
-4.871875
-6.419750
-4.888383
-4.859290
-4.524364
-4.919581
-3.448248
-2.917875
-2.928637
-3.675807
-4.891536
-5.518480
-6.500892
-5.929463
-5.388784
-6.078298
-5.880829
-6.490469
-4.943028
-5.595667
-5.984705
-5.805637
-5.476871
-5.584645
-7.282121
-6.264414
-5.183588
-3.350106
-2.823923
-4.855271
-5.739647
-7.706875
-5.576742
-4.969457
-4.528061
-3.690166
-4.594848
-5.247374
-5.364199
-6.902586
-5.771057
-4.870661
-3.413992
-2.408047
-1.713081
-1.653848
-0.554489
-1.047132
-0.238665
-0.739893
-0.567250
-1.001752
-1.567042
-1.722913
-0.708383
-0.236015
-0.527297
-0.760323
-0.946744
-0.757395
-0.605916
-0.484733
-0.387786
-0.310229
-0.248183
-0.198547
-0.158837
-0.127070
-0.101656
-0.081325
-0.065060
-0.052048
-0.041638
-0.033311
-0.026648
-0.021319
-0.017055
-0.013644
-0.010915
-0.008732
-0.006986
-0.005589
-0.004471
-0.003577
-0.002861
-0.002289
-0.001831
-0.001465
-0.001172
-0.000938
-0.000750
-0.000600
-0.000480
-0.000384
-0.000307
-0.000246
-0.000197
-0.000157
-0.000126
-0.000101
-0.000081
-0.000064
-0.000052
-0.000041
-0.000033
-0.000026
-0.000021
-0.000017
-0.000014
-0.000011
-0.000009
-0.000007
-0.000006
-0.000004
-0.000004
-0.000003
-0.000002
-0.000002
-0.000001
-0.000001
-0.000001
-0.000001
-0.000001
2.281440
0.000000
0.989369
1.569883
0.000000
1.796535
0.000000
0.559622
2.529906
0.000000
0.163217
0.159299
-0.393129
0.375631
1.762118
0.000000
0.071808
1.046172
1.186988
0.000000
-1.122836
0.295417
0.899486
1.679413
0.000000
1.309205
0.000000
-0.144646
0.920798
2.594986
0.000000
1.256610
0.000000
1.953472
0.000000
-0.891771
-0.009468
0.530158
2.344206
0.000000
0.471515
0.214967
0.165216
-1.243782
0.178120
0.663168
0.147858
1.387392
0.000000
-0.545763
1.254409
0.000000
1.226530
0.000000
0.307535
0.169090
1.451439
0.000000
-0.065194
0.967412
1.088205
2.575548
0.000000
1.449380
0.000000
0.026862
1.099418
1.405186
0.000000
0.927730
-0.085774
1.312709
0.000000
1.023143
1.801069
0.000000
1.525311
0.000000
0.352056
1.528752
0.000000
-0.288171
-0.112076
0.984908
1.698431
0.000000
2.291954
0.000000
0.064634
0.250476
1.946999
0.000000
0.778675
1.508362
0.000000
1.407788
0.000000
0.553167
0.418516
0.250277
-0.504682
0.387279
0.622252
0.947215
1.109828
0.000000
-0.175858
0.563971
-0.061578
0.233193
0.559543
0.684429
1.312449
0.000000
-0.550321
1.059271
1.540400
0.000000
1.959710
0.000000
-1.072219
-0.313772
0.431645
0.610395
0.342075
0.513756
-0.354021
0.106050
0.335776
0.478295
1.269591
0.000000
0.054925
0.772454
0.523270
0.109060
0.087248
0.069798
0.055839
0.044671
0.035737
0.028589
0.022871
0.018297
0.014638
0.011710
0.009368
0.007495
0.005996
0.004797
0.003837
0.003070
0.002456
0.001965
0.001572
0.001257
0.001006
0.000805
0.000644
0.000515
0.000412
0.000330
0.000264
0.000211
0.000169
0.000135
0.000108
0.000086
0.000069
0.000055
0.000044
0.000035
0.000028
0.000023
0.000018
0.000014
0.000012
0.000009
0.000007
0.000006
0.000005
0.000004
0.000003
0.000002
0.000002
0.000002
0.000001
0.000001
0.000001
0.000001
0.000001
0.000000
0.000000
0.000000
0.000000
0.000000
0.000000
0.000000
0.000000
0.000000
0.000000
0.000000
0.000000
0.000000
0.000000
0.000000
0.000000
0.000000
0.000000
0.000000
0.145692
-0.055763
-1.935808
-1.762468
-2.155038
-1.857275
-4.161932
-4.708709
-5.201461
-5.140769
-5.853527
-5.822198
-4.317181
-5.731809
-5.014817
-2.536393
-1.662725
-4.028152
-3.425299
-3.775750
-2.987973
-3.847436
-4.033704
-3.855136
-3.183434
-3.419209
-2.157033
-2.942904
-5.389612
-5.057173
-3.464661
-3.705165
-2.575827
-2.996455
-3.924473
-3.713241
-1.959103
-1.801048
-2.561578
-3.773338
-4.821150
-4.708161
-4.617456
-4.007786
-4.203903
-3.053997
-2.112306
-2.791397
-1.786377
-0.994865
-0.800849
-0.950482
-0.989900
-0.120801
-0.724371
-0.384738
-0.086551
0.535804
0.490163
0.453650
0.424440
0.367026
-0.082298
-0.065838
-0.052670
-0.418055
-0.334444
-0.267555
-0.214044
-0.171235
-0.136988
-0.109591
-0.087672
-0.070138
-0.056110
-0.044888
-0.035911
-0.028729
-0.022983
-0.018386
-0.014709
-0.011767
-0.009414
-0.007531
-0.006025
-0.004820
-0.003856
-0.003085
-0.002468
-0.001974
-0.001579
-0.001263
-0.001011
-0.000809
-0.000647
-0.000518
-0.000414
-0.000331
-0.000265
-0.000212
-0.000170
-0.000136
-0.000109
-0.000087
-0.000069
-0.000056
-0.000044
-0.000036
-0.000028
-0.000023
-0.000018
-0.000015
-0.000012
-0.000009
-0.000007
-0.000006
-0.000005
-0.000004
-0.000003
-0.000002
-0.000002
-0.000002
-0.000001
-0.000001
-0.000001
-0.000001
-0.000001
-0.000000
-0.000000
-0.000000
-0.000000
-0.000000
-0.000000
-0.000000
-0.000000
-0.000000
-0.000000
-0.000000
-0.000000
-0.000000
-0.000000
-0.000000
-0.000000
-0.000000
-0.000000
-0.000000
-0.000000
-0.000000
-0.000000
-0.000000
-0.000000
-0.000000
-0.000000
-0.000000
-0.000000
-0.000000
-0.000000
-0.000000
-0.000000
-0.000000
-0.000000
-0.000000
-0.000000
-0.000000
-0.000000
-0.000000
-0.000000
-0.000000
-0.000000
-0.000000
-0.000000
-0.000000
-0.000000
-0.000000
-0.000000
-0.000000
-0.000000
-0.000000
-0.000000
-0.000000
-0.000000
-0.000000
-0.000000
-0.000000
-0.000000
-0.000000
-0.000000
-0.000000
-0.000000
-0.000000
-0.000000
-0.000000
-0.000000
-0.000000
-0.000000
-0.000000
-0.000000
-0.000000
-0.000000
-0.000000
-0.000000
-0.000000
-0.000000
-0.000000
-0.000000
-0.000000
-0.000000
-0.000000
-0.000000
-0.000000
1.172626
0.000000
0.012701
1.695852
0.000000
-0.052631
0.018233
-0.630427
0.065188
0.566281
0.448125
0.184194
-0.991431
-1.023095
-0.415210
-0.796100
-1.112520
-1.098770
-1.260260
-1.063025
-0.785978
-1.048284
-2.363522
-2.222138
-2.313695
-2.266133
-3.424766
-2.077483
-2.103371
-2.448404
-0.931714
-1.228591
-1.875592
-2.570569
-3.936179
-3.175683
-3.075169
-2.219059
-1.383943
-2.561121
-1.854551
-1.510380
-0.187076
-0.398540
-0.027613
0.071277
1.097192
0.699549
0.800292
1.038849
-0.026974
-0.054588
0.270024
-0.088202
0.243132
-0.323820
-1.088575
-0.870860
-0.696688
-0.557350
-0.445880
-0.356704
-0.285363
-0.228291
-0.182633
-0.146106
-0.116885
-0.093508
-0.074806
-0.059845
-0.047876
-0.038301
-0.030641
-0.024513
-0.019610
-0.015688
-0.012550
-0.010040
-0.008032
-0.006426
-0.005141
-0.004113
-0.003290
-0.002632
-0.002106
-0.001684
-0.001348
-0.001078
-0.000862
-0.000690
-0.000552
-0.000442
-0.000353
-0.000283
-0.000226
-0.000181
-0.000145
-0.000116
-0.000093
-0.000074
-0.000059
-0.000047
-0.000038
-0.000030
-0.000024
-0.000019
-0.000016
-0.000012
-0.000010
-0.000008
-0.000006
-0.000005
-0.000004
-0.000003
-0.000003
-0.000002
-0.000002
-0.000001
-0.000001
-0.000001
-0.000001
-0.000001
-0.000000
-0.000000
-0.000000
-0.000000
-0.000000
-0.000000
-0.000000
-0.000000
-0.000000
-0.000000
-0.000000
-0.000000
-0.000000
-0.000000
-0.000000
-0.000000
-0.000000
-0.000000
-0.000000
-0.000000
-0.000000
-0.000000
-0.000000
-0.000000
-0.000000
-0.000000
-0.000000
-0.000000
-0.000000
-0.000000
-0.000000
-0.000000
-0.000000
-0.000000
-0.000000
-0.000000
-0.000000
-0.000000
-0.000000
-0.000000
-0.000000
-0.000000
-0.000000
-0.000000
-0.000000
-0.000000
-0.000000
-0.000000
-0.000000
-0.000000
-0.000000
-0.000000
-0.000000
-0.000000
-0.000000
-0.000000
-0.000000
-0.000000
-0.000000
-0.000000
-0.000000
-0.000000
-0.000000
-0.000000
-0.000000
-0.000000
-0.000000
-0.000000
-0.000000
-0.000000
-0.000000
-0.000000
-0.000000
-0.000000
-0.000000
-0.000000
-0.000000
-0.000000
-0.000000
-0.000000
-0.000000
-0.000000
-0.000000
-0.000000
-0.000000
-0.000000
-0.000000
-0.000000
0.412419
0.968283
-0.440523
0.828647
0.878990
1.579421
0.000000
-2.104299
-3.620488
-2.145913
0.276718
0.576824
0.300228
1.581608
0.000000
1.741544
0.000000
0.121614
0.796786
-0.956041
0.856709
-0.138537
-0.124561
-0.028382
-1.562551
-2.311440
-1.633147
-3.408420
-2.978966
-5.718734
-5.474136
-5.577207
-5.005115
-5.235500
-5.236121
-4.666626
-5.375711
-5.353693
-5.407865
-3.968230
-5.424388
-7.718867
-8.360457
-7.096498
-8.238937
-6.781521
-5.744160
-5.904570
-6.703166
-5.753424
-5.534830
-5.091736
-4.919255
-2.524888
-3.717676
-2.259985
-1.428453
-2.552855
-2.625791
-3.132394
-3.132806
-2.398618
-3.188367
-2.966516
-2.479698
-3.414683
-4.186589
-4.196918
-4.661168
-3.897976
-2.841295
-3.057567
-3.268470
-3.406489
-3.976036
-4.186007
-3.836345
-2.228999
-2.213490
-2.168331
-2.589565
-2.894905
-3.038057
-2.440512
-1.271877
-3.295149
-4.297785
-3.010191
-4.027129
-4.063215
-4.267337
-4.039558
-3.197988
-3.034769
-3.036943
-2.112745
-1.966731
-2.074631
-1.984262
-2.365205
-2.789957
-2.903856
-2.272879
-2.568435
-2.350259
-1.471459
-1.555478
-2.098274
-3.566006
-3.352486
-2.759326
-2.031951
-2.736989
-2.259337
-2.524579
-3.500280
-3.623477
-2.702821
-2.136919
-1.810351
-1.885915
-2.192049
-2.464638
-2.417799
-2.487498
-1.763572
-2.233084
-3.061683
-4.034449
-3.879428
-3.788369
-4.680190
-3.907342
-4.256700
-3.413217
-4.329344
-4.908689
-4.506087
-4.710828
-3.995153
-2.924214
-2.000115
-1.600092
-1.280074
-0.684803
-0.208586
-0.166869
-0.133495
-0.106796
-0.085437
-0.068350
-0.054680
-0.043744
-0.034995
-0.027996
-0.022397
-0.017917
-0.014334
-0.011467
-0.009174
-0.007339
-0.005871
-0.004697
-0.003758
-0.003006
-0.002405
-0.001924
-0.001539
-0.001231
-0.000985
-0.000788
-0.000630
-0.000504
-0.000403
-0.000323
-0.000258
-0.000207
-0.000165
-0.000132
-0.000106
-0.000085
-0.000068
-0.000054
-0.000043
-0.000035
-0.000028
-0.000022
-0.000018
-0.000014
-0.000011
-0.000009
-0.000007
-0.000006
-0.000005
-0.000004
-0.000003
-0.000002
-0.000002
-0.000002
-0.000001
-0.000001
-0.000001
-0.000001
-0.000000
-0.000000
-0.000000
-0.000000
-0.000000
-0.000000
-0.000000
-1.809947
-3.634295
-5.682641
-7.262753
-7.013712
-7.482293
-10.047619
-13.067782
-11.537788
-9.605386
-9.505934
-9.194554
-8.810949
-6.770132
-5.874015
-6.539769
-8.833123
-10.768171
-8.913593
-7.724671
-9.332662
-7.873886
-6.711990
-6.828606
-9.633362
-11.577668
-9.029563
-8.989006
-8.316157
-5.396322
-4.762504
-3.975491
-7.502179
-7.549911
-4.835996
-6.353900
-5.274386
-7.470026
-8.420946
-6.033217
-9.314066
-10.400590
-11.889076
-11.816727
-13.486693
-11.962402
-12.499924
-10.985267
-11.514267
-10.796318
-11.044531
-8.491499
-7.298455
-8.522888
-7.235850
-7.984858
-9.275036
-12.803720
-10.420621
-11.482446
-11.480759
-12.894278
-11.282856
-10.585134
-9.659203
-10.309874
-9.768835
-10.755470
-8.785254
-6.883656
-7.908264
-9.988326
-6.776869
-6.745283
-7.463600
-6.797082
-7.815111
-7.318826
-8.039249
-9.097010
-9.657503
-10.563313
-9.279811
-7.155832
-5.806085
-6.762099
-6.276561
-5.904052
-5.459069
-6.671977
-5.097245
-6.208643
-6.288635
-4.704038
-4.640149
-4.337288
-5.283859
-4.768181
-5.590260
-6.189561
-4.462548
-5.036304
-4.707339
-4.052622
-5.462750
-5.795990
-6.279830
-5.364331
-5.312230
-4.649662
-5.738098
-4.299284
-4.622612
-4.976085
-6.487692
-5.327711
-4.442193
-4.677702
-4.813212
-6.499278
-6.042152
-6.743464
-5.649074
-6.396794
-6.844010
-4.803300
-4.672900
-5.572204
-6.153770
-5.060641
-4.556272
-4.653373
-1.783895
-1.667128
-1.530252
1.430782
0.000000
2.663904
0.000000
1.091121
2.060037
0.000000
-0.560058
-0.633768
-1.208196
-1.342829
-0.763069
-0.796950
-1.135248
-0.597004
-0.166409
-0.133127
-0.106502
-0.085201
-0.068161
-0.054529
-0.043623
-0.034899
-0.027919
-0.022335
-0.017868
-0.014294
-0.011436
-0.009148
-0.007319
-0.005855
-0.004684
-0.003747
-0.002998
-0.002398
-0.001919
-0.001535
-0.001228
-0.000982
-0.000786
-0.000629
-0.000503
-0.000402
-0.000322
-0.000258
-0.000206
-0.000165
-0.000132
-0.000105
-0.000084
-0.000068
-0.000054
-0.000043
-0.000035
-0.000028
-0.000022
-0.000018
-0.000014
-0.000011
-0.000009
-0.000007
-0.000006
-0.000005
-0.000004
-0.000003
-0.000002
-0.000002
-0.000002
-0.000001
-0.000001
-0.000001
-0.000001
-0.000000
-0.000000
