0000000000
0000000000
0000010000
1000101000
0000000000
1000111000
0000000000
0000000000
1000110000
0000001000
0000000000
0000000000
1000110000
0000000000
0000000000
1000110000
0100000000
1000100000
0000011000
0000000000
1000100000
0100010000
1000100000
0000000000
1000110000
0000000000
0100000000
1000110000
0000000000
0000000000
1000110000
0000000000
1000110000
0000000000
1000101000
0000010000
0100100000
0000000000
1000010000
0000100000
1100001000
0001010000
1000100000
0000000000
0100110000
1000000000
0000000000
0000110000
1000000000
0000000000
0100001000
1000100000
0100010000
1000100000
0000000000
0000010000
1000100000
0000000000
0100001000
1000110000
0100000000
0000000000
1000110000
0000001000
0000000000
1000110000
0000000000
1000101000
0100010000
0000000000
0000000000
1000100000
0000011000
0000000000
1000110000
0000000000
1000110000
0101000000
1000111000
0000000000
0000000000
0000000000
1000111000
0000000000
1000101000
0000010000
1000100000
0100000000
0000010000
1000100000
0000010000
0000001000
1000100000
0000000000
1100110000
0000000000
0100110000
0000000000
1001101000
0000000000
1100110000
0000000000
0000000000
0101110000
1000000000
0000000000
1000110000
0000001000
0101110000
0000000000
1000000000
0000110000
1100001000
0001000000
1000110000
0000000000
0101110000
0000000000
1000101000
0000010010
1100100000
0000010010
0000000000
1000101000
0101010000
0000000000
0000011000
0000000000
1100110000
0000000000
0000000000
0000000000
0000000000
1000101000
0000000000
0000000000
0000000000
0000000000
0000000000
0000000000
0000000000
1000101000
0000000000
0000000000
0000000000
0000000000
0000000000
0000000000
0000000000
0000000000
0000000000
0000000000
0000000000
0000000000
0000000000
0000000000
0000000000
0000000000
0000000000
0000000000
0000000000
0000000000
0000000000
0000000000
0000000000
0000000000
0000000000
0000000000
0000000000
0000000000
0000000000
0000000000
0000000000
0000000000
0000000000
0000000000
0000000000
0000000000
0000000000
0000000000
0000000000
0000000000
0000000000
0000000000
0000000000
0000000000
0000000000
0000000000
0000000000
0000000000
0000000000
0000000000
0000000000
0000000000
0000000000
0000000000
0000000000
0000000000
0000000000
0000000000
0000000000
0000000000
0000000000
0000000000
0000000000
0000000000
0000000000
0000000000
0000000000
0000000000
0000000000
1000001000
0011110101
1000000000
0000011000
1000000001
0010100100
1000000000
0010110100
1000000000
0000001101
1010100000
0000011101
0000100000
0000011001
1010100100
0000011001
0010000000
1000110001
0000001100
0010110000
0000000100
0010110000
0000000100
1000001000
0000000100
0010001001
0000100100
1000011000
0000000001
0010110100
1000000001
0010110100
1000000001
0010110100
1000000001
0010110100
0000000000
0010110101
0000000000
0010110100
0000000000
0010110100
1000001000
0010110100
0000000000
0010110100
0000000000
0010110101
0000000000
1001110000
0010001001
0001110100
0000000000
0011110100
0000000001
1011110100
0000000000
0011011001
0000100100
1011010001
0000100100
0011010000
0000000000
0010110101
1000000000
0001110000
0000001100
1011010001
0000000000
0010110100
1000000001
0010110100
0001000000
0010101101
0000000000
1000111100
0010000000
0000110101
1000001000
0000110100
0010000000
0000110100
1010000001
0000011000
0000000100
0000100000
0010000100
0000110000
0000000100
0010001001
1000000100
0010000000
0000101101
1011010000
0000100100
0000000001
1010111100
0000000000
0000111000
1010000100
0000001001
1001110000
0010000100
1000011000
0010100100
0000000000
0000010001
1011000000
0000111100
0000000000
1000100000
0010011100
0000100000
1000010000
0000001000
0000100000
0000010100
0010100000
0000001000
0010110100
1000000000
0001010101
1000101000
0011010100
1000001001
0011010100
1000101000
0011010101
1000000000
0010110100
0000001000
0010110100
1000001000
0000000000
0000110100
0011000001
1000000000
0000110100
0000000000
0011110100
0000000000
1000001000
0000000000
0000110100
0000000000
0000000000
0000000000
0000000000
0000000000
0000000000
0000000000
0000000000
0000000000
0000000000
0000000000
0000000000
0000000000
0000000000
0000000000
0000000000
0000000000
0000000000
0000000000
0000000000
0000000000
0000000000
0000000000
0000000000
0000000000
0000000000
0000000000
0000000000
0000000000
0000000000
0000000000
0000000000
0000000000
0000000000
0000000000
0000000000
0000000000
0000000000
0000000000
0000000000
0000000000
0000000000
0000000000
0000000000
0000000000
0000000000
0000000000
0000000000
0000000000
0000000000
0000000000
0000000000
0000000000
0000000000
0000000000
0000000000
0000000000
0000000000
0000000000
0000000000
0000000000
0000000000
0000000000
0000000000
0000000000
0000000000
1001101000
0000010000
1000001000
0000000000
1000111000
0000000000
1000011000
0000100000
1000010000
0010001000
1001010000
0000000000
1000111000
0000000000
1000110100
0000000000
0000011000
0010000000
1000000000
0010110000
0000000000
1001001000
0000100000
0000010100
1000100000
0000001000
1000110000
0000001000
1000100000
0000000000
0000010000
0000001000
1000000000
0000010000
1011100000
0000011000
0000000000
1000101000
0000010000
0000100000
1000000100
0000011000
0010100100
1000011000
0000000000
1000011000
0000100100
0000011000
1000100100
0000011000
0010000000
1000101100
0000000000
0000011000
1000100000
0000011000
0000000100
1100100000
0000010100
0000000000
1000101000
0000010000
0000000100
1000101000
0000010000
1000000000
0000000000
0000011000
0000100000
1000011000
0000000000
1000011000
0001000000
1000110000
0000000000
1000111000
0000000000
1000110000
0011001000
1000100000
0000000000
1000110000
0001000000
1000110000
0000000000
1000100010
0000001000
0000010000
0000000000
1000001000
0001000000
0000000000
0000000000
1000110000
0001000000
0000000000
1000111000
0000000000
0000000000
1000000000
0000100000
1000000000
0000000000
0000000000
0000000000
1000110000
0000001000
0100000000
1000110000
0000000000
0000000000
0000000000
1000110000
0000001000
0000000100
0000000000
1000001000
0000000000
0000100000
0000000000
0000000000
0000100010
0000000000
0000100000
1000000000
0000000010
0000000000
0000000000
0000000000
0000000000
0000000000
0000000010
0000000000
0000000000
0000000000
1001000000
0010000000
0000000000
0000011000
1000000000
0000000000
1001000000
0000000000
0000000000
1001100000
0000000000
0000001000
1000010000
0000000000
0000000000
0000000000
0000000000
0000000000
0000000000
0000000000
0000000000
0000000000
0000000000
0000000000
0000000000
0000000000
0000000000
0000000000
0000000000
0000000000
0000000000
0000000000
0000000000
0000000000
0000000000
0000000000
0000000000
0000000000
0000000000
0000000000
0000000000
0000000000
0000000000
0000000000
0000000000
0000000000
0000000000
0000000000
0000000000
0000000000
0000000000
0000000000
0000000000
0000000000
0000000000
0000000000
0000000000
0000000000
0000000000
0000000000
0000000000
0000000000
0000000000
0000000000
0000000000
0000000000
0000000000
0000000000
0000000000
0000000000
0000000000
0000000000
0000000000
0000000000
0000000000
0000010011
0000000000
0000110011
0000000000
0000000001
0000010000
0000100011
0000010000
0000000010
0000100000
0000000100
0000110011
0000000000
0000000000
0000000010
0000010000
0000000011
0000110000
0000000000
0000110010
0000000000
0000010011
0000100000
0000000010
0000010000
0000100011
0000000000
0000100011
0000000100
0000100000
0000010011
0000000000
0000010010
0000000001
0000110010
0000000100
0000110011
0000000100
0000010011
0000000000
0000000011
0000000000
0000010011
0000100000
0000010011
0000000000
0000110010
0000000000
0000010111
0000100000
0000010011
0000000000
0000000110
0000000000
0000100010
0000000000
0000100010
0000010000
0000100010
0000000000
0000110010
0000000001
0000100000
0000000010
0000100000
1000010011
0000100000
0000010011
0000100000
0000000000
0000100011
0000010000
0000000000
0000000010
0000010000
0000100000
0000000010
0000000000
0000000010
0000100000
0000000010
0000000000
0000110011
0000000000
0000011011
0000000000
0000111011
0000000000
0000000000
0000000010
0000010000
1000000010
0000000000
0000000010
0000000000
0000100010
0000000001
0000100000
0000000010
0000100000
1000010001
0000100010
0000000000
0000100010
0000000000
0000010010
0000100000
0000000010
0000000000
0000100000
1000000010
0000100000
0000010011
1000000000
0000010000
0000000010
0000010001
0000100010
0000000000
0000010000
0000100010
0000000000
0100010011
1000100000
0000000000
0000100010
0000000000
0000000000
0000010011
0000000000
0000000011
1000001000
0000010010
0000000001
0000101010
1000010001
0000000000
0000111001
0000000000
0100011010
0000100000
0000000001
0000000000
1000001000
0000110011
0000000000
0000000000
0000000000
0000000000
0000000000
0000000000
0000000000
0000000000
0000000000
0000000000
0000000000
0000000000
0000000000
0000000000
0000000000
0000000000
0000000000
0000000000
0000000000
0000000000
0000000000
0000000000
0000000000
0000000000
0000000000
0000000000
0000000000
0000000000
0000000000
0000000000
0000000000
0000000000
0000000000
0000000000
0000000000
0000000000
0000000000
0000000000
0000000000
0000000000
0000000000
0000000000
0000000000
0000000000
0000000000
0000000000
0000000000
0000000000
0000000000
0000000000
0000000000
0000000000
0000000000
0000000000
0000000000
0000000000
0000000000
0000000000
0000000000
0000000000
0000000000
0000000000
0000000000
0000000000
0000000000
1010000000
0000000000
1000000000
0000000001
0010000000
0000000100
0000000000
1000000000
0010000000
1000001001
0010100100
1000000000
0000000000
0010001001
0000000000
0000100010
0010010100
0000000010
0000000000
0000110000
0000000000
0000000000
0000110100
0000000010
0010000100
0000100010
0000010000
0000000000
0000110000
0000000000
0000110010
0000000000
0010100100
0000001011
0000000000
0010110010
0000000001
0010110010
0000000000
0000100000
0000010100
0010100010
0000000000
0000110000
1000000000
0000000001
0000110000
0010000101
0000000010
0000101101
0010010000
0000001011
0000000000
0110110010
0000000100
1000000011
0000110000
1000000000
0000011011
0000100000
1000000000
0100110010
0000000000
0110110010
0000001001
0010110110
0000000001
0000001000
0010100100
1000010010
0010100100
0000000000
0000010010
0010100000
0000000100
0000110000
0000000010
0000110100
0000000010
0010100100
0000010000
0000000010
1000111001
0000000000
0000000010
0000110000
0000000001
0010100000
0000010011
0010100000
0000000101
0000000010
0000100000
0000010000
0000000000
0000110110
0000000001
0000110100
0000000010
0010000000
0000001000
0000000101
0000010010
0000001101
0000100010
0000000000
0000110101
0000000010
0000011001
0000000010
0010101101
0000000010
0000000000
0000100010
0000000000
0000110000
1000001011
0010100000
1000001011
0000000000
1000110000
0000000001
0000100000
0010010010
0000000100
0100111011
1000000000
0000000000
0000000010
0010011100
0000000000
0000110000
0000001010
0000000000
0000110010
0000000000
0000000000
0100110000
0011000010
0000000000
0000000000
0000000000
0000000000
0000000000
0000000000
0000000000
0000000000
0000000000
0000000000
0000000000
0000000000
0000000000
0000000000
0000000000
0000000000
0000000000
0000000000
0000000000
0000000000
0000000000
0000000000
0000000000
0000000000
0000000000
0000000000
0000000000
0000000000
0000000000
0000000000
0000000000
0000000000
0000000000
0000000000
0000000000
0000000000
0000000000
0000000000
0000000000
0000000000
0000000000
0000000000
0000000000
0000000000
0000000000
0000000000
0000000000
0000000000
0000000000
0000000000
0000000000
0000000000
0000000000
0000000000
0000000000
0000000000
0000000000
0000000000
0000000000
0000000000
0000000000
0000000000
0000000000
0000000000
0000000000
0000000000
0000000000
0000000000
0000000000
0000000000
0000000000
1001010000
0000100010
0011010100
1000000000
0010110110
1000000000
0000100100
0000000000
1000110010
0010000000
0000110100
0000000010
1010111100
0000000000
0101010010
0000000000
0110111000
0000000010
0001010000
1000100000
0010000010
0100110000
0001000000
1000100100
0000010010
1000000000
0000110010
0010000100
0000110010
1000000000
0000110000
1000000010
0000110000
1000000010
0001110000
1000000000
0011110010
0000000000
1001010000
0110100000
0000001010
1000010000
0111100010
1000000000
0000100100
0000011010
1000100101
0000010010
1000100000
0000000100
1000010000
0000000001
0100110010
0000000000
1110110010
0000000000
1000010000
0000001000
0000110100
0110000010
0000010100
1000000000
0000110100
1000000000
0101110010
0000000000
1000001000
0000010010
0010100100
1000011000
0010100100
1000010000
0011100100
1000001000
0001110010
1000001000
0001010010
1000001000
0000110000
1001000000
0000001000
0000110000
0000000000
0000001000
1001010000
0000101110
0001010000
1000001000
0000000000
0000010000
1001000000
0000000010
0001110100
1000000001
0001111000
0000000000
1010110100
0000001000
0101110000
0000000000
0000111100
0000000000
1000111010
0000000000
1000110000
0000001000
0100110100
0000000000
0100110110
1000000000
0011011000
1000100100
0000011000
0000000000
0100011000
1001000000
0000110000
0000000000
1001011000
0100000000
0000111010
0010000000
0001110100
1000001000
0000010000
0000000100
1000110000
0000000000
0000000000
0010100100
0000010010
0000000000
0000000000
1000110100
0000000000
0000000000
0000000000
0000000000
0000000000
0000000000
0000000000
0000000000
0000000000
0000000000
0000000000
0000000000
0000000000
0000000000
0000000000
0000000000
0000000000
0000000000
0000000000
0000000000
0000000000
0000000000
0000000000
0000000000
0000000000
0000000000
0000000000
0000000000
0000000000
0000000000
0000000000
0000000000
0000000000
0000000000
0000000000
0000000000
0000000000
0000000000
0000000000
0000000000
0000000000
0000000000
0000000000
0000000000
0000000000
0000000000
0000000000
0000000000
0000000000
0000000000
0000000000
0000000000
0000000000
0000000000
0000000000
0000000000
0000000000
0000000000
0000000000
0000000000
0000000000
0000000000
0000000000
0000000000
0000000000
0000000000
0000000000
0000000000
0000000000
0000000000
0000000000
0000000000
0000000000
0000000000
0000000000
0000000000
0000000000
0000000100
0000100000
0000000000
0000001001
0000000000
0000100100
1010000000
0000000001
0000000000
0000100100
1010000000
0000100100
1010000000
0000000001
0000100100
1000000000
0000000000
1000001001
0000100100
1000001001
0000100100
0000000000
0000000000
1010000001
0000100100
0000000000
0000000000
0000100100
1010000001
0000000000
0000000000
0000000000
0000000000
0000100000
0000000000
1000000000
0000001011
0000000000
1000001010
0000000000
0000000010
0000000000
1000001011
0000100000
0000001011
0000000000
0000011011
0000100000
0000000000
0100110010
0000000000
0000000000
0000000000
0000000010
0000100000
0000000000
0000000000
0000110000
0000000000
0000110000
0000000000
0000000000
0000000000
0000000000
0000000000
0000000000
0000000000
0000000000
0000000000
0000000000
0000000000
0000000000
0000000000
0000000000
0000000000
0000000000
0000000000
0000000000
0000000000
0000000000
0000000000
0000000000
0000000000
0000000000
0000000000
0000000000
0000000000
0000000000
0000000000
0000000000
0000000000
0000000000
0000000000
0000000000
0000000000
0000000000
0000000000
0000000000
0000000000
0000000000
0000000000
0000000000
0000000000
0000000000
0000000000
0000000000
0000000000
0000000000
0000000000
0000000000
0000000000
0000000000
0000000000
0000000000
0000000000
0000000000
0000000000
0000000000
0000000000
0000000000
0000000000
0000000000
0000000000
0000000000
0000000000
0000000000
0000000000
0000000000
0000000000
0000000000
0000000000
0000000000
0000000000
0000000000
0000000000
0000000000
0000000000
0000000000
0000000000
0000000000
0000000000
0000000000
0000000000
0000000000
0000000000
0000000000
0000000000
0000000000
0000000000
0000000000
0000000000
0000000000
0000000000
0000000000
0000000000
0000000000
0000000000
0000000000
0000000000
0000000000
0000000000
0000000000
0000000000
0000000000
0000000000
0000000000
0000000000
0000000000
0000000000
0000000000
0000000000
0000000000
0000000000
0000000000
0000000000
0000000000
0000000000
0000000000
0000000000
0000000000
0000000000
0000000000
0000000000
0000000000
0000000000
0000000000
0000000000
0000000000
0000000000
0000000000
0000000000
0000000000
0000000000
0000000000
0000000000
0000000000
0000000000
0000000000
0000000000
0000000000
0000000000
0000000000
0000000000
0000000000
0000000000
0000000000
0000000000
0000000000
0000000000
0000000000
0000000000
0000000000
1000010001
0000000000
0000000000
0000000000
0000001100
0010000000
1000000000
0000000000
0000000000
0000000010
0000000000
0000000010
0000000000
1010000000
0000000000
0000100000
0000000000
0000100000
0000000000
0000001000
0000000000
0000000000
0000000110
0000000000
0000000000
0000000000
0010000000
0000000000
0000000000
1010000000
0000000000
0000000000
1000000000
0000000000
0000000000
0000000000
0000000010
0000000000
0000000000
1010000000
0000000000
0000000000
0000000000
0000000000
0000000000
1010001001
0000000100
1000001000
0000000000
0000000000
1001001001
0000000000
0000000000
0000000000
0000000000
0000000000
0000000000
0000000000
0000000000
0000000000
0000000000
0000000000
0000000000
0000000000
0000000000
0000000000
0000000000
0000000000
0000000000
0000000000
0000000000
0000000000
0000000000
0000000000
0000000000
0000000000
0000000000
0000000000
0000000000
0000000000
0000000000
0000000000
0000000000
0000000000
0000000000
0000000000
0000000000
0000000000
0000000000
0000000000
0000000000
0000000000
0000000000
0000000000
0000000000
0000000000
0000000000
0000000000
0000000000
0000000000
0000000000
0000000000
0000000000
0000000000
0000000000
0000000000
0000000000
0000000000
0000000000
0000000000
0000000000
0000000000
0000000000
0000000000
0000000000
0000000000
0000000000
0000000000
0000000000
0000000000
0000000000
0000000000
0000000000
0000000000
0000000000
0000000000
0000000000
0000000000
0000000000
0000000000
0000000000
0000000000
0000000000
0000000000
0000000000
0000000000
0000000000
0000000000
0000000000
0000000000
0000000000
0000000000
0000000000
0000000000
0000000000
0000000000
0000000000
0000000000
0000000000
0000000000
0000000000
0000000000
0000000000
0000000000
0000000000
0000000000
0000000000
0000000000
0000000000
0000000000
0000000000
0000000000
0000000000
0000000000
0000000000
0000000000
0000000000
0000000000
0000000000
0000000000
0000000000
0000000000
0000000000
0000000000
0000000000
0000000000
0000000000
0000000000
0000000000
0000000000
0000000000
0000000000
0000000000
0000000000
0000000000
0000000000
0000000000
0000000000
0000000000
0000000000
0000000000
0000000000
0000000000
0000000000
0000000000
0000000000
0000000000
0000000000
0000000000
0000000000
0000000000
0000000000
0000000000
0000000000
0000000000
0000000000
0000000000
1011011101
0000100000
1011011101
0000000000
1010110100
0000000000
1010111100
0000000000
0010001001
1000110100
0010001001
0000000000
0010011000
1000000000
0010110101
1001000000
0010110101
0000000000
1010100101
0000011000
1000100100
0000001000
1010100100
0000011000
0000000100
0000000000
0000001000
0000000000
1010000100
0000100000
1000000000
0000000000
1010001001
0000000000
0000000000
0000001001
0000000000
1010000000
0000000100
0000100000
0000000000
1010000000
0000000000
1000000001
0000000000
0000000000
1000100100
0010000001
1000101000
0000000100
1010001001
0000000000
0000000000
0000000000
0000001101
1000100000
0000010100
0000000001
0010110000
0001000000
0000100101
0010011000
0000000000
0000100100
0010010001
0000000000
1010000001
0001011100
0000100000
0011010100
0000000000
0000000000
0010100100
0000010000
0010100000
0000000101
0011010000
1000100000
0010000000
0000000100
0010110000
0000000000
0010100000
0000000100
0010010001
0001100000
0000000000
0011110000
0000000100
0000000001
0000100000
0000010000
0010100100
0000000000
0010110000
1000000000
0000001101
0011110000
0000000000
0000111001
0000000000
0000001001
1000110000
0000000000
0010100000
0000000100
1000110000
0011000000
0000000001
1000100100
0000000000
0010100100
0000010000
1000100100
0010001001
1000000000
0000110000
0000000000
0000000000
0000001101
1010010000
0000100000
0000000000
0010110000
0000001001
0000000100
1000100000
0010000000
0000000000
0000100101
0000010000
0000001001
0000000000
1010110000
0000000100
0000000000
0000000000
1000000000
0000100000
0010010000
0000000000
0000000000
0000000000
0000000000
0000000000
0000100000
0000000000
0000000000
0000000000
0000000000
0000000000
0000000000
0000000000
0000000000
0000000000
0000000000
0000000000
0000000000
0000000000
0000000000
0000000000
0000000000
0000000000
0000000000
0000000000
0000000000
0000000000
0000000000
0000000000
0000000000
0000000000
0000000000
0000000000
0000000000
0000000000
0000000000
0000000000
0000000000
0000000000
0000000000
0000000000
0000000000
0000000000
0000000000
0000000000
0000000000
0000000000
0000000000
0000000000
0000000000
0000000000
0000000000
0000000000
0000000000
0000000000
0000000000
0000000000
0000000000
0000000000
0000000000
0000000000
0000000000
0000000000
0000000000
0000000000
0000000000
0000000000
0000000000
0000000000
0000000000
1000111000
0000000000
0000001000
1000010000
0000001010
0000000000
1000111000
0000000000
1000111000
0000000000
1000111000
0000000000
0010011100
0000000000
1000111000
0000000000
1000111000
0000000000
0000001000
1000010000
0000001000
0000110000
1000001000
0000110000
1000001000
0000000010
1000110000
0000001010
1000000000
0000001000
1000000000
0000111110
1000000000
0000011110
1010000000
0000100010
1000010000
0000100010
0010001000
0000110000
1000001010
0000110000
0010001000
1000110000
0000001000
1000110000
0000001000
1000100000
0000011000
1000100000
0000011000
0000000010
1000001000
0000110000
1000001000
0000000000
0000011000
1000100000
0000001000
1000100000
0000011000
0000000000
1000011000
0000100000
0000010000
1000001010
0000000000
0000000010
1000000000
0000011010
1000000000
0000001010
1000010000
0000001010
0000000000
1000001010
0000000000
0000011000
1000000000
0000010000
1000001000
0000000000
0000010000
1000101000
0000010000
1000001000
0000000010
0000011000
1000000010
0000011000
0000000000
1000001000
0000000010
0000000000
0000011010
1000000000
0000101010
0000010000
1000100000
0000011000
0000000000
1001010010
0000101000
0001010000
1000100000
0000011010
1000000000
0000001010
1010000000
0000110010
1000001000
0000110010
1000001000
0000000010
1001011000
0000000010
1001000000
0000011010
1001000000
0000111010
1010000000
0000111010
1000000000
0000011010
1000000000
0000001010
0000110000
1000001010
0000100000
0000010010
1000001000
0000100000
1000001010
0000010000
0000100000
0000010000
0000100010
1000010000
0000100110
0000000000
0000010000
1000000010
0000000000
1000000000
0000100000
0000000000
0000000000
1000001000
0000000000
0000010000
1000000000
0000000000
0000000000
0000000000
0000000000
0000000000
0000000000
0000000000
0000000000
0000000000
0000000000
0000000000
0000000000
0000000000
0000000000
0000000000
0000000000
0000000000
0000000000
0000000000
0000000000
0000000000
0000000000
0000000000
0000000000
0000000000
0000000000
0000000000
0000000000
0000000000
0000000000
0000000000
0000000000
0000000000
0000000000
0000000000
0000000000
0000000000
0000000000
0000000000
0000000000
0000000000
0000000000
0000000000
0000000000
0000000000
0000000000
0000000000
0000000000
0000000000
0000000000
0000000000
0000000000
0000000000
0000000000
0000000000
0000000000
0000000000
0000000000
